[CH1]
v_offset = 0.19637500000000008
v_slope = -0.029375000000000016
i_offset = 0.123


[CH2]
v_offset = 0.24129166666666663
v_slope = -0.032891666666666645
i_offset = 0.109


